              precision    recall  f1-score   support

        Alef       0.84      0.85      0.85       116
        Ayin       0.79      0.94      0.86       115
         Bet       0.75      0.83      0.79       118
       Dalet       0.51      0.49      0.50        91
       Gimel       0.82      0.81      0.82       117
          He       0.86      0.84      0.85       118
         Het       0.92      0.79      0.85       117
         Kaf       0.91      0.76      0.83       113
   Kaf-final       0.83      0.95      0.89       100
       Lamed       0.90      0.95      0.92       116
         Mem       0.81      0.87      0.84       119
  Mem-medial       0.90      0.74      0.81       118
   Nun-final       0.68      0.87      0.76       104
  Nun-medial       0.81      0.89      0.85       118
          Pe       0.86      0.86      0.86       104
    Pe-final       0.97      0.99      0.98        99
         Qof       0.83      0.91      0.87       106
        Resh       0.64      0.46      0.54        93
      Samekh       0.75      0.82      0.79       116
        Shin       0.95      0.90      0.93       115
         Taw       0.78      0.82      0.80       115
         Tet       0.89      0.87      0.88       117
 Tsadi-final       0.89      0.88      0.89       101
Tsadi-medial       0.94      0.88      0.91       120
         Waw       0.82      0.65      0.73        92
         Yod       0.86      0.91      0.88       101
       Zayin       0.88      0.78      0.83       101

    accuracy                           0.83      2960
   macro avg       0.83      0.83      0.83      2960
weighted avg       0.83      0.83      0.83      2960
